3.625267744064331
3.2971463203430176
4.465060710906982
3.6812188625335693
5.391547203063965
3.754997491836548
3.5126490592956543
3.9853062629699707
3.170546293258667
3.7579152584075928
4.2237327098846436
3.876650094985962
3.246347427368164
4.508929014205933
3.2214195728302
3.8886265754699707
3.3090975284576416
3.268284797668457
4.288531064987183
3.9962539672851562
3.270312547683716
4.5059120655059814
3.2932510375976562
3.325132131576538
3.399873733520508
4.601694107055664
4.523867130279541
3.203493595123291
3.2761759757995605
3.2054290771484375
3.181551456451416
3.2333576679229736
3.194516181945801
4.015996217727661
4.3006932735443115
3.2556350231170654
3.2111191749572754
3.4361157417297363
3.7044789791107178
3.283964157104492
4.022202968597412
3.6409316062927246
3.175530195236206
3.191594362258911
4.3623948097229
3.1605472564697266
4.066185235977173
3.1805548667907715
3.2004621028900146
6.542505502700806
