5.882331848144531
6.0249083042144775
6.49260139465332
5.477416038513184
5.493327379226685
5.5342020988464355
5.4803338050842285
5.471384763717651
6.143654823303223
6.668228626251221
5.859279632568359
5.667866468429565
5.48633074760437
7.504948377609253
5.470385313034058
5.475375175476074
5.773580551147461
5.494366884231567
6.0128843784332275
6.189391374588013
5.879241704940796
5.917228937149048
5.721664190292358
5.946068048477173
5.467407941818237
5.952084064483643
5.700754165649414
5.945154428482056
6.478642463684082
5.515252590179443
5.571155309677124
5.9380857944488525
5.455472707748413
5.596056938171387
5.494333267211914
5.527162551879883
5.465445041656494
5.507293224334717
5.636981010437012
5.499345541000366
5.754638433456421
5.94510293006897
6.398854494094849
5.479397535324097
5.4714226722717285
5.4823689460754395
5.493276596069336
8.160140991210938
6.599355220794678
6.035891771316528
