0.035927534103393555
0.03690290451049805
0.03795671463012695
0.0598602294921875
0.0359647274017334
0.03888344764709473
0.03692436218261719
0.03692460060119629
0.03692507743835449
0.036865949630737305
0.0369257926940918
0.03695988655090332
0.036920785903930664
0.03592348098754883
0.0369260311126709
0.03693652153015137
0.036957740783691406
0.03592538833618164
0.03792071342468262
0.035962581634521484
0.03695845603942871
0.03596377372741699
0.03590250015258789
0.055901288986206055
0.035927534103393555
0.03695964813232422
0.03596162796020508
0.03592324256896973
0.03695321083068848
0.03696179389953613
0.03593873977661133
0.03596234321594238
0.03695988655090332
0.036958932876586914
0.05590462684631348
0.036959171295166016
0.05985260009765625
0.03596210479736328
0.03692293167114258
0.036958932876586914
0.03695964813232422
0.03786873817443848
0.036934614181518555
0.03691673278808594
0.03596234321594238
0.03690195083618164
0.03596305847167969
0.035917043685913086
0.03693127632141113
0.03692460060119629
